Adults,Children
21,0.0
4,0.0
5,0.0
5,0.0
5,0.0
5,0.0
6,0.0
6,0.0
6,0.0
6,0.0
6,0.0
7,0.0
8,0.0
8,0.0
4,0.0
8,0.0
10,0.0
11,0.0
11,0.0
13,0.0
15,0.0
17,0.0
18,0.0
18,0.0
18,0.0
19,0.0
21,0.0
1,0.0
27,0.0
8,0.0
4,0.0
4,0.0
4,0.0
2,0.0
2,0.0
2,0.0
2,0.0
2,0.0
2,0.0
2,0.0
2,0.0
2,0.0
2,0.0
2,0.0
2,0.0
2,0.0
2,0.0
2,0.0
2,0.0
2,0.0
2,0.0
2,0.0
2,0.0
2,0.0
2,0.0
2,0.0
2,0.0
3,0.0
3,0.0
3,0.0
3,0.0
4,0.0
34,0.0
43,0.0
1,0.0
57,0.0
8,1.0
4,1.0
20,1.0
32,1.0
6,1.0
2,1.0
41,1.0
36,1.0
50,1.0
9,1.0
2,1.0
12,1.0
74,1.0
13,2.0
8,2.0
12,2.0
7,2.0
98,2.0
17,2.0
10,2.0
85,2.0
21,2.0
2,2.0
4,2.0
2,2.0
4,2.0
2,2.0
55,3.0
37,3.0
107,3.0
15,3.0
7,3.0
138,3.0
32,3.0
50,3.0
28,3.0
9,3.0
4,3.0
12,3.0
121,4.0
25,4.0
22,4.0
30,4.0
79,4.0
19,4.0
67,4.0
43,4.0
15,4.0
148,5.0
136,5.0
52,5.0
64,5.0
51,6.0
49,6.0
105,7.0
151,7.0
32,7.0
35,8.0
126,8.0
74,8.0
33,8.0
27,8.0
216,8.0
121,9.0
58,9.0
136,10.0
150,10.0
168,11.0
87,11.0
127,12.0
312,12.0
116,12.0
157,14.0
248,15.0
159,15.0
184,16.0
92,17.0
143,17.0
93,20.0
452,30.0
430,30.0
431,34.0
342,35.0
820,42.0
288,45.0
1284,64.0
555,64.0
829,76.0
570,77.0
959,89.0
477,90.0
841,92.0
2413,107.0
1183,118.0
2506,126.0
1888,133.0
1186,134.0
1880,170.0
1760,187.0
3943,280.0
3352,285.0
4588,311.0
6570,315.0
3950,362.0
4450,393.0
7384,456.0
13703,477.0
20291,1211.0
23223,1253.0
16615,1412.0
86131,3468.0
